{
  "advancedEditorSelectedIdentifier" : "ProjectBrowser",
  "openSceneRelativePaths" : [
    "ShoeGallery.usda"
  ],
  "recentIdentifiers" : {
    "2E802B2B-75B9-434A-A8EC-2B280F7C61B6" : [

    ]
  },
  "sceneCameraHistory" : {
    "2E802B2B-75B9-434A-A8EC-2B280F7C61B6" : [
      {
        "date" : 745345378.622135,
        "title" : "Untitled",
        "transform" : [
          0.9997112,
          1.3202542e-08,
          -0.024029631,
          0,
          -0.013284244,
          0.83329594,
          -0.5526675,
          0,
          0.020023786,
          0.5528271,
          0.8330554,
          0,
          0.07382202,
          2.1366444,
          5.0014315,
          1
        ]
      },
      {
        "date" : 745147547.933619,
        "title" : "Untitled",
        "transform" : [
          0.9997113,
          1.3913834e-08,
          -0.024029631,
          0,
          -0.0132842455,
          0.83329594,
          -0.55266756,
          0,
          0.020023786,
          0.5528272,
          0.8330554,
          0,
          -99.86563,
          3.061552,
          5.753544,
          1
        ]
      },
      {
        "date" : 744899876.184557,
        "title" : "Untitled",
        "transform" : [
          0.9997112,
          1.2930095e-08,
          -0.024029633,
          0,
          -0.013284199,
          0.8332959,
          -0.5526676,
          0,
          0.020023739,
          0.55282724,
          0.8330553,
          0,
          56.75331,
          26.837187,
          33.10476,
          1
        ]
      },
      {
        "date" : 744899866.068223,
        "title" : "Untitled",
        "transform" : [
          0.9997112,
          1.2930095e-08,
          -0.024029633,
          0,
          -0.013284199,
          0.8332959,
          -0.5526676,
          0,
          0.020023739,
          0.55282724,
          0.8330553,
          0,
          -73.06717,
          33.209553,
          31.996399,
          1
        ]
      },
      {
        "date" : 744899857.534985,
        "title" : "Untitled",
        "transform" : [
          0.9997112,
          1.2930095e-08,
          -0.024029633,
          0,
          -0.013284199,
          0.8332959,
          -0.5526676,
          0,
          0.020023739,
          0.55282724,
          0.8330553,
          0,
          72.528694,
          31.396267,
          29.700119,
          1
        ]
      },
      {
        "date" : 744899739.552222,
        "title" : "Untitled",
        "transform" : [
          0.9997112,
          1.2930095e-08,
          -0.024029633,
          0,
          -0.013284199,
          0.8332959,
          -0.5526676,
          0,
          0.020023739,
          0.55282724,
          0.8330553,
          0,
          -11.479786,
          30.561165,
          32.27358,
          1
        ]
      },
      {
        "date" : 744899736.81901,
        "title" : "Untitled",
        "transform" : [
          0.9933826,
          1.2609158e-08,
          -0.11485207,
          0,
          -0.047849987,
          0.9090794,
          -0.4138661,
          0,
          0.1044096,
          0.41662306,
          0.90306365,
          0,
          -6.814911,
          23.03177,
          36.14377,
          1
        ]
      },
      {
        "date" : 744899721.552379,
        "title" : "Untitled",
        "transform" : [
          0.9915067,
          -6.5473857e-09,
          0.13005604,
          0,
          0.12215312,
          0.34327683,
          -0.93125707,
          0,
          -0.04464527,
          0.93923426,
          0.34036124,
          0,
          -61.735138,
          13.078116,
          12.716062,
          1
        ]
      },
      {
        "date" : 744899720.101068,
        "title" : "Untitled",
        "transform" : [
          0.9915067,
          -6.5473857e-09,
          0.13005604,
          0,
          0.12215312,
          0.34327683,
          -0.93125707,
          0,
          -0.04464527,
          0.93923426,
          0.34036124,
          0,
          -60.628304,
          13.955375,
          10.440433,
          1
        ]
      },
      {
        "date" : 744899713.130994,
        "title" : "Untitled",
        "transform" : [
          0.9915066,
          -6.547385e-09,
          0.13005602,
          0,
          0.12215312,
          0.34327683,
          -0.93125707,
          0,
          -0.04464527,
          0.93923426,
          0.34036124,
          0,
          1.0390692,
          15.809922,
          13.411695,
          1
        ]
      }
    ]
  },
  "sceneViewportBackgroundColors" : {

  },
  "selectedSceneRelativePath" : "ShoeGallery.usda"
}